A_x: 0.930747556686
A_y: -0.56055188179
A_orientation_z: -0.67986694919
A_orientation_w: 0.733335485632
B_x: 0.930747556686
B_y: -2.39049577713
B_orientation_z: -0.67986694919
B_orientation_w: 0.733335485632
C_x: 1.84972763062
C_y: -5.35860681534
C_orientation_z: -0.396612192649
C_orientation_w: 0.917986257328
D_x: 1.84972763062
D_y: -5.35860681534
D_orientation_z: 0.999413224747
D_orientation_w: 0.0342520977563
E_x: 0.930747556686
E_y: -2.59160748482
E_orientation_z: 0.693734862831
E_orientation_w: 0.784518609212
F_x: 0.930747556686
F_y: -0.48055188179
F_orientation_z: 0.720230477065
F_orientation_w: 0.693734862831
G_x: 2.82360589981
G_y: -3.60356659889
G_orientation_z: -0.609631758567
G_orientation_w: 0.792684753825
H_x: 5.28442716599
H_y: -1.89297929287
H_orientation_z: 0.887027850825
H_orientation_w: 0.461715921169
I_x: 5.23442716599
I_y: -3.45467686653
I_orientation_z: -0.833935306982
I_orientation_w: 0.551862214479
J_x: 2.82360589981
J_y: -2.17367887497
J_orientation_z: 0.595541658232
J_orientation_w: 0.803324425939
K_x: 0.566334664822
K_y: -0.0673633217812
K_orientation_z: 0.99988933715
K_orientation_w: -0.014876607634
L_x: -0.09081599832
L_y: -0.010616265535
L_orientation_z: 0.999338190378
L_orientation_w: 0.0363755584441
BB_x: 0.880747556686
BB_y: -2.39049577713
BB_orientation_z: -0.67986694919
BB_orientation_w: 0.733335485632

