image: /home/inano/ucar_ws/src/gazebo_nav/maps/515test.pgm
resolution: 0.050000
origin: [-16.100000, -14.500000, 0.000000]
negate: 0
occupied_thresh: 0.65
free_thresh: 0.196

